For these calculations the random bound algorithm was run 100 times with 1000 iteration in each run.
Only for board 7 was the algorithm run 50 times with 1000 iterations.

Game 1:
[790, 952, 892, 988, 852, 705, 517, 667, 712, 751, 587, 735, 854, 653, 610, 829, 927, 821, 888, 778, 822, 897, 550, 737, 570, 767, 889, 806, 1000, 952, 629, 881, 767, 903, 921, 889, 787, 947, 863, 1195, 944, 906, 925, 637, 881, 750, 1003, 469, 578, 686, 1021, 908, 869, 430, 481, 758, 976, 760, 752, 809, 719, 993, 1132, 562, 708, 666, 484, 950, 891, 1014, 904, 920, 961, 1120, 840, 751, 750, 1138, 963, 958, 842, 770, 616, 604, 1114, 563, 794, 656, 705, 867, 881, 790, 745, 510, 660, 976, 707, 738, 751, 824]
Min - 430
Max - 1195
Average - 803

Game 2:
[80, 104, 126, 86, 69, 72, 99, 114, 91, 90, 86, 101, 61, 83, 71, 79, 77, 71, 63, 86, 59, 76, 72, 86, 83, 67, 91, 110, 58, 89, 73, 68, 113, 84, 101, 68, 59, 67, 83, 88, 77, 62, 93, 104, 104, 89, 91, 77, 114, 82, 91, 75, 78, 49, 87, 63, 74, 71, 64, 69, 72, 48, 89, 99, 52, 92, 107, 86, 95, 47, 66, 77, 79, 33, 66, 75, 95, 75, 77, 81, 103, 62, 91, 71, 73, 94, 88, 51, 82, 77, 73, 68, 65, 48, 65, 68, 77, 55, 61, 54]
Min - 33
Max - 126
Average - 78

Game 3:
[183, 132, 140, 125, 65, 157, 159, 120, 97, 164, 103, 158, 173, 161, 225, 186, 180, 172, 148, 191, 95, 128, 116, 128, 96, 159, 152, 104, 125, 154, 178, 126, 153, 168, 136, 160, 167, 108, 75, 157, 158, 159, 141, 118, 179, 78, 132, 133, 161, 155, 105, 129, 102, 130, 145, 150, 148, 97, 176, 151, 184, 152, 223, 215, 124, 162, 108, 159, 155, 163, 109, 102, 163, 153, 207, 121, 145, 103, 144, 130, 147, 155, 166, 151, 128, 102, 145, 194, 181, 114, 115, 147, 140, 116, 239, 129, 112, 182, 140, 150]
Min - 65
Max - 239
Average - 144

Game 4:
[987, 997, 776, 458, 877, 573, 531, 974, 651, 735, 639, 812, 579, 512, 469, 488, 596, 803, 684, 1070, 672, 800, 596, 953, 639, 1163, 339, 416, 582, 915, 959, 715, 583, 435, 724, 595, 1034, 596, 601, 564, 861, 878, 456, 1079, 712, 830, 893, 453, 375, 966, 887, 1175, 566, 851, 657, 1056, 516, 591, 425, 725, 931, 513, 1132, 802, 461, 923, 744, 712, 828, 815, 451, 845, 818, 692, 796, 987, 642, 980, 526, 672, 739, 808, 1037, 638, 928, 848, 479, 584, 662, 541, 747, 1003, 589, 1166, 668, 709, 416, 278, 725, 385]
Min - 278
Max - 1175
Average - 722

Game 5:
[481, 944, 450, 565, 499, 910, 682, 535, 550, 674, 657, 868, 433, 590, 591, 632, 611, 447, 1067, 603, 788, 599, 694, 796, 601, 600, 547, 337, 631, 885, 1157, 543, 403, 727, 539, 929, 562, 594, 944, 543, 516, 368, 517, 573, 512, 800, 523, 422, 631, 594, 671, 620, 633, 297, 509, 847, 1362, 851, 448, 859, 1118, 289, 734, 897, 446, 794, 1046, 407, 782, 527, 745, 585, 672, 844, 444, 506, 407, 668, 443, 726, 660, 400, 669, 684, 680, 548, 683, 383, 722, 522, 541, 574, 589, 517, 641, 522, 861, 465, 736, 492]
Min - 289
Max - 1362
Average - 637

Game 6:
[195, 252, 145, 265, 344, 243, 215, 247, 323, 423, 308, 373, 222, 185, 204, 275, 319, 195, 347, 250, 262, 295, 270, 273, 243, 260, 290, 253, 136, 234, 252, 370, 267, 176, 312, 262, 372, 186, 261, 207, 129, 264, 270, 153, 154, 372, 249, 247, 323, 276, 181, 315, 228, 309, 318, 263, 204, 229, 256, 272, 100, 223, 381, 251, 266, 241, 226, 138, 296, 185, 334, 231, 140, 306, 247, 204, 143, 295, 320, 264, 261, 439, 167, 231, 288, 277, 211, 282, 133, 314, 207, 259, 191, 264, 231, 185, 183, 233, 293, 344]
Min - 100
Max - 439
Average - 253

Game 7:
[886, 1247, 660, 722, 1082, 1120, 1615, 491, 1144, 840, 688, 1235, 1035, 732, 1262, 1320, 1467, 716, 1426, 1170, 705, 1323, 777, 881, 1234, 723, 641, 1096, 1287, 857, 993, 1531, 1128, 884, 1003, 1475, 1109, 1126, 1184, 745, 901, 1638, 664, 953, 1034, 1225, 1260, 1509, 1117, 785]
Min - 491
Max - 1638
Average - 1052
